"genenames_select" <-
structure(c("YAL001C",
"YAL002W",
"YAL003W",
"YAL004W",
"YAL008W",
"YAL012W",
"YAL018C",
"YAL020C",
"YAL022C",
"YAL034C",
"YAL034W-A",
"YAL035W",
"YAL036C",
"YAL044C",
"YAL051W",
"YAL054C",
"YAL058W",
"YAL059W",
"YAL060W",
"YAL061W",
"YAL062W",
"YAL067C",
"YAR015W",
"YAR018C",
"YAR020C",
"YAR028W",
"YAR029W",
"YAR031W",
"YAR047C",
"YAR050W",
"YAR060C",
"YAR061W",
"YAR062W",
"YAR068W",
"YAR071W",
"YAR073W",
"YAR075W",
"YBL001C",
"YBL002W",
"YBL003C",
"YBL004W",
"YBL015W",
"YBL017C",
"YBL018C",
"YBL024W",
"YBL027W",
"YBL028C",
"YBL033C",
"YBL034C",
"YBL035C",
"YBL042C",
"YBL044W",
"YBL045C",
"YBL053W",
"YBL054W",
"YBL064C",
"YBL065W",
"YBL067C",
"YBL068W",
"YBL069W",
"YBL070C",
"YBL072C",
"YBL075C",
"YBL076C",
"YBL078C",
"YBL079W",
"YBL082C",
"YBL083C",
"YBL086C",
"YBL087C",
"YBL092W",
"YBR001C",
"YBR005W",
"YBR006W",
"YBR007C",
"YBR008C",
"YBR009C",
"YBR010W",
"YBR014C",
"YBR016W",
"YBR018C",
"YBR019C",
"YBR023C",
"YBR026C",
"YBR030W",
"YBR031W",
"YBR034C",
"YBR035C",
"YBR036C",
"YBR037C",
"YBR038W",
"YBR046C",
"YBR047W",
"YBR048W",
"YBR050C",
"YBR051W",
"YBR052C",
"YBR053C",
"YBR054W",
"YBR056W",
"YBR062C",
"YBR064W",
"YBR065C",
"YBR066C",
"YBR067C",
"YBR068C",
"YBR069C",
"YBR072W",
"YBR082C",
"YBR084C-A",
"YBR084W",
"YBR089W",
"YBR090C",
"YBR093C",
"YBR100W",
"YBR101C",
"YBR104W",
"YBR105C",
"YBR106W",
"YBR114W",
"YBR115C",
"YBR116C",
"YBR117C",
"YBR136W",
"YBR137W",
"YBR149W",
"YBR161W",
"YBR173C",
"YBR178W",
"YBR179C",
"YBR181C",
"YBR183W",
"YBR184W",
"YBR189W",
"YBR191W",
"YBR203W",
"YBR204C",
"YBR207W",
"YBR212W",
"YBR222C",
"YBR224W",
"YBR231C",
"YBR237W",
"YBR240C",
"YBR241C",
"YBR244W",
"YBR247C",
"YBR249C",
"YBR250W",
"YBR251W",
"YBR256C",
"YBR259W",
"YBR261C",
"YBR266C",
"YBR267W",
"YBR269C",
"YBR275C",
"YBR278W",
"YBR280C",
"YBR285W",
"YBR291C",
"YBR296C",
"YBR297W",
"YBR298C",
"YCL001W",
"YCL008C",
"YCL010C",
"YCL012W",
"YCL020W",
"YCL024W",
"YCL026C-A",
"YCL029C",
"YCL033C",
"YCL034W",
"YCL035C",
"YCL036W",
"YCL037C",
"YCL041C",
"YCL042W",
"YCL043C",
"YCL044C",
"YCL046W",
"YCL049C",
"YCL054W",
"YCL057W",
"YCL059C",
"YCL064C",
"YCL068C",
"YCL069W",
"YCL074W",
"YCL076W",
"YCR001W",
"YCR004C",
"YCR005C",
"YCR010C",
"YCR011C",
"YCR012W",
"YCR013C",
"YCR016W",
"YCR020C",
"YCR021C",
"YCR025C",
"YCR030C",
"YCR034W",
"YCR046C",
"YCR047C",
"YCR050C",
"YCR055C",
"YCR058C",
"YCR059C",
"YCR061W",
"YCR062W",
"YCR064C",
"YCR068W",
"YCR069W",
"YCR072C",
"YCR073W-A",
"YCR075C",
"YCR076C",
"YCR079W",
"YCR080W",
"YCR082W",
"YCR085W",
"YCR087W",
"YCR088W",
"YCR091W",
"YCR098C",
"YCR101C",
"YCR102C",
"YCR107W",
"YDL003W",
"YDL021W",
"YDL022W",
"YDL023C",
"YDL026W",
"YDL027C",
"YDL028C",
"YDL030W",
"YDL031W",
"YDL032W",
"YDL033C",
"YDL034W",
"YDL035C",
"YDL037C",
"YDL038C",
"YDL039C",
"YDL048C",
"YDL051W",
"YDL056W",
"YDL060W",
"YDL061C",
"YDL062W",
"YDL063C",
"YDL072C",
"YDL075W",
"YDL077C",
"YDL079C",
"YDL081C",
"YDL082W",
"YDL083C",
"YDL085W",
"YDL088C",
"YDL096C",
"YDL102W",
"YDL104C",
"YDL106C",
"YDL109C",
"YDL110C",
"YDL112W",
"YDL114W",
"YDL124W",
"YDL129W",
"YDL131W",
"YDL134C-A",
"YDL136W",
"YDL139C",
"YDL146W",
"YDL148C",
"YDL150W",
"YDL151C",
"YDL152W",
"YDL153C",
"YDL167C",
"YDL169C",
"YDL171C",
"YDL175C",
"YDL181W",
"YDL182W",
"YDL184C",
"YDL191W",
"YDL194W",
"YDL196W",
"YDL199C",
"YDL201W",
"YDL204W",
"YDL218W",
"YDL222C",
"YDL223C",
"YDL227C",
"YDL233W",
"YDL239C",
"YDL241W",
"YDL243C",
"YDL246C",
"YDL248W",
"YDR001C",
"YDR003W",
"YDR009W",
"YDR011W",
"YDR012W",
"YDR017C",
"YDR018C",
"YDR019C",
"YDR020C",
"YDR021W",
"YDR025W",
"YDR028C",
"YDR031W",
"YDR032C",
"YDR033W",
"YDR035W",
"YDR037W",
"YDR046C",
"YDR052C",
"YDR055W",
"YDR058C",
"YDR059C",
"YDR060W",
"YDR061W",
"YDR064W",
"YDR070C",
"YDR074W",
"YDR075W",
"YDR077W",
"YDR083W",
"YDR085C",
"YDR087C",
"YDR089W",
"YDR091C",
"YDR096W",
"YDR097C",
"YDR101C",
"YDR105C",
"YDR111C",
"YDR112W",
"YDR120C",
"YDR121W",
"YDR122W",
"YDR130C",
"YDR132C",
"YDR133C",
"YDR134C",
"YDR135C",
"YDR136C",
"YDR144C",
"YDR154C",
"YDR155C",
"YDR156W",
"YDR157W",
"YDR159W",
"YDR165W",
"YDR166C",
"YDR170C",
"YDR171W",
"YDR175C",
"YDR178W",
"YDR179C",
"YDR180W",
"YDR183W",
"YDR203W",
"YDR204W",
"YDR213W",
"YDR214W",
"YDR215C",
"YDR218C",
"YDR222W",
"YDR224C",
"YDR225W",
"YDR230W",
"YDR231C",
"YDR234W",
"YDR236C",
"YDR245W",
"YDR247W",
"YDR248C",
"YDR250C",
"YDR254W",
"YDR255C",
"YDR256C",
"YDR258C",
"YDR269C",
"YDR272W",
"YDR274C",
"YDR277C",
"YDR278C",
"YDR287W",
"YDR297W",
"YDR300C",
"YDR312W",
"YDR314C",
"YDR321W",
"YDR324C",
"YDR330W",
"YDR334W",
"YDR341C",
"YDR342C",
"YDR343C",
"YDR344C",
"YDR345C",
"YDR361C",
"YDR368W",
"YDR380W",
"YDR382W",
"YDR384C",
"YDR385W",
"YDR388W",
"YDR391C",
"YDR398W",
"YDR399W",
"YDR403W",
"YDR405W",
"YDR406W",
"YDR412W",
"YDR413C",
"YDR417C",
"YDR420W",
"YDR423C",
"YDR429C",
"YDR431W",
"YDR432W",
"YDR442W",
"YDR450W",
"YDR453C",
"YDR455C",
"YDR465C",
"YDR471W",
"YDR474C",
"YDR475C",
"YDR476C",
"YDR480W",
"YDR484W",
"YDR487C",
"YDR491C",
"YDR492W",
"YDR496C",
"YDR500C",
"YDR501W",
"YDR502C",
"YDR505C",
"YDR511W",
"YDR513W",
"YDR516C",
"YDR523C",
"YDR526C",
"YDR529C",
"YDR536W",
"YDR541C",
"YEL005C",
"YEL011W",
"YEL012W",
"YEL020C",
"YEL021W",
"YEL022W",
"YEL023C",
"YEL024W",
"YEL026W",
"YEL035C",
"YEL039C",
"YEL040W",
"YEL042W",
"YEL046C",
"YEL050C",
"YEL054C",
"YEL055C",
"YEL059C-A",
"YEL060C",
"YEL064C",
"YEL065W",
"YEL066W",
"YEL070W",
"YEL071W",
"YEL076W-C",
"YER001W",
"YER004W",
"YER006W",
"YER011W",
"YER014W",
"YER015W",
"YER018C",
"YER020W",
"YER025W",
"YER028C",
"YER033C",
"YER035W",
"YER036C",
"YER037W",
"YER038C",
"YER039C",
"YER043C",
"YER044C",
"YER044C-A",
"YER046W",
"YER052C",
"YER053C",
"YER056C",
"YER056C-A",
"YER058W",
"YER062C",
"YER067W",
"YER069W",
"YER070W",
"YER073W",
"YER074W",
"YER076C",
"YER079W",
"YER080W",
"YER082C",
"YER084W",
"YER086W",
"YER088C",
"YER089C",
"YER091C",
"YER095W",
"YER096W",
"YER102W",
"YER103W",
"YER110C",
"YER117W",
"YER119C",
"YER121W",
"YER124C",
"YER126C",
"YER127W",
"YER131W",
"YER135C",
"YER141W",
"YER142C",
"YER143W",
"YER145C",
"YER150W",
"YER152C",
"YER156C",
"YER158C",
"YER163C",
"YER165W",
"YER177W",
"YER181C",
"YER183C",
"YER185W",
"YER187W",
"YFL002C",
"YFL010C",
"YFL010W-A",
"YFL011W",
"YFL014W",
"YFL015C",
"YFL019C",
"YFL021W",
"YFL023W",
"YFL029C",
"YFL031W",
"YFL034C-A",
"YFL040W",
"YFL042C",
"YFL044C",
"YFL045C",
"YFL051C",
"YFL052W",
"YFL053W",
"YFL056C",
"YFL057C",
"YFL058W",
"YFL059W",
"YFL060C",
"YFL065C",
"YFR001W",
"YFR003C",
"YFR010W",
"YFR011C",
"YFR014C",
"YFR015C",
"YFR019W",
"YFR021W",
"YFR024C",
"YFR024C-A",
"YFR027W",
"YFR031C-A",
"YFR032C",
"YFR034C",
"YFR042W",
"YFR043C",
"YFR045W",
"YFR047C",
"YFR052W",
"YFR053C",
"YFR054C",
"YFR057W",
"YGL007W",
"YGL010W",
"YGL014W",
"YGL015C",
"YGL028C",
"YGL029W",
"YGL030W",
"YGL031C",
"YGL037C",
"YGL045W",
"YGL047W",
"YGL055W",
"YGL059W",
"YGL062W",
"YGL071W",
"YGL072C",
"YGL076C",
"YGL078C",
"YGL081W",
"YGL086W",
"YGL088W",
"YGL096W",
"YGL099W",
"YGL102C",
"YGL104C",
"YGL109W",
"YGL111W",
"YGL117W",
"YGL120C",
"YGL121C",
"YGL123W",
"YGL125W",
"YGL131C",
"YGL133W",
"YGL135W",
"YGL141W",
"YGL146C",
"YGL147C",
"YGL148W",
"YGL156W",
"YGL157W",
"YGL162W",
"YGL166W",
"YGL169W",
"YGL171W",
"YGL180W",
"YGL182C",
"YGL184C",
"YGL187C",
"YGL208W",
"YGL227W",
"YGL228W",
"YGL229C",
"YGL230C",
"YGL234W",
"YGL235W",
"YGL248W",
"YGL250W",
"YGL253W",
"YGL255W",
"YGL258W",
"YGL259W",
"YGL262W",
"YGR019W",
"YGR021W",
"YGR034W",
"YGR035C",
"YGR040W",
"YGR042W",
"YGR043C",
"YGR048W",
"YGR052W",
"YGR053C",
"YGR061C",
"YGR070W",
"YGR081C",
"YGR085C",
"YGR088W",
"YGR094W",
"YGR107W",
"YGR109C",
"YGR110W",
"YGR111W",
"YGR112W",
"YGR118W",
"YGR123C",
"YGR127W",
"YGR128C",
"YGR130C",
"YGR131W",
"YGR134W",
"YGR136W",
"YGR137W",
"YGR138C",
"YGR139W",
"YGR140W",
"YGR142W",
"YGR145W",
"YGR146C",
"YGR148C",
"YGR149W",
"YGR159C",
"YGR160W",
"YGR161C",
"YGR162W",
"YGR173W",
"YGR174C",
"YGR175C",
"YGR176W",
"YGR177C",
"YGR183C",
"YGR187C",
"YGR188C",
"YGR189C",
"YGR194C",
"YGR200C",
"YGR201C",
"YGR205W",
"YGR209C",
"YGR211W",
"YGR214W",
"YGR225W",
"YGR226C",
"YGR231C",
